6 1 111111 I
5 2 0000111111 l
5 2 0001011111 y
5 2 0010011111 |
5 2 0001111110 ĺ
4 2 00111111 P
4 2 01011111 F 
4 2 10011111 C
4 2 01101111 D
4 3 000100011111 L
4 3 001000101111 ỳ
4 3 000111110001 T
4 3 000111110010 í
4 3 000111110100 Ł
4 3 000111111000 S
4 3 001011110100 ł
4 3 001011110010 t
4 3 001000111110 ŕ
4 2 01111101 Ç
5 2 0011111100 Z
4 2 01111110 ṕ
3 2 111111 O
4 3 001011100011 n
3 3 001111011 p
4 3 001111100100 w
4 3 001100101110 N
4 3 000100111110 M
3 3 011001111 r
3 3 011010111 Y
3 3 011110011 V
4 3 000101111100 W
3 3 001011111 A
3 3 010111110 a
4 3 001101101100 m
3 3 001111110 Q
